-- Extracted on 28.11.2013
-- select distinct number from telephone_numbers where state not in ('unverified', 'removed') and kind='mobile' and number != '523411024375' order by number
--
-- We exclude the number '523411024375' because it is not in the required format that we expect a Mexican number to
-- be in. In particular, the 1 is missing right after the country code and without this, it is not possible to dial
-- the cell phone from abroad. So do not ask me how this number was ever verified.

12092691913
12092717386
12093002249
12093158986
12104100621
12124448814
12129207474
12132238908
12132501400
12133097398
12133649829
12134789262
12136400076
12144179566
12144584701
12144602515
12147089341
12149979894
12404856061
12407040121
12409882040
12424270092
12484709633
12535922844
12544329820
12549132663
12563396290
12707233000
12896861337
12896875002
13027239200
13033623374
13053890629
13057486969
13062915963
13104047090
13106003545
13109201520
13164440189
13164536180
13234730826
13235228093
13236811016
13304668563
13342210826
13392211918
13473273130
13476005493
13478082738
13478084059
13479735925
13522627386
13602810487
13605219626
13608184401
14039097858
14082218395
14082504268
14083910741
14084259812
14086741349
14087590964
14088021384
14088498022
14092917984
14108006624
14123877867
14127799772
14152187240
14152612258
14153233550
14153414478
14155740585
14155967688
14157346959
14168264878
14168769196
14168895487
14259712573
14345093239
14795679024
14803097782
14847120138
15012766983
15016555871
15034229441
15039017475
15048102984
15053194969
15053580324
15089549146
15093669479
15097704284
15102130341
15103556689
15103887428
15105007833
15107986092
15126299918
15126445106
15129250000
15144247578
15146060286
15149932124
15175749493
15596301459
15623567990
16026435194
16029301910
16046551908
16047107434
16047202002
16072620855
16095295333
16129875559
16137849421
16157753025
16178330406
16186700062
16195813761
16263857828
16264172015
16266277857
16269310299
16462400523
16463341543
16464941303
16465036185
16465151924
16469229928
16473828187
16474904027
16476950243
16477976367
16505441139
16613714987
16785773460
17024495989
17026196146
17026355608
17045642120
17047777490
17058065940
17063321259
17072055985
17146505333
17147379401
17273332548
17343291212
17542816651
17577791078
17606061541
17608795069
17609206727
17752329031
17852493316
17864003497
17864839793
18128011897
18184395926
18184396871
18194733540
18198163624
18304331802
18312515179
18315943954
18328293633
18473120141
18583369549
18583372899
19037020292
19054097052
19092151176
19097143088
19099737633
19142178549
19144247123
19164598762
19166171184
19173024229
19175882872
19253219524
19259605759
19292202573
19512236652
19512493047
19513981001
19514003414
19514680026
19727407696
212617640410
212636656072
212660917578
212661644091
212661727034
212669153153
212669336066
213550313201
213773580518
213774382381
233202098158
2347062177088
2347062304953
2348028334738
2348032400709
2348034800600
2348035725606
2348035840003
2348064144050
2348077662142
2348079408174
2348084367825
2348099796033
2348139322243
249908222820
249911509088
249994892432
255789882780
306944444036
306949469508
306972014902
306979009611
306986853524
306999801801
31611345696
31611621158
31615298159
31615633343
31620000785
31622487899
31624260085
31624501094
31624874442
31628144817
31633612174
31639766705
31645100205
31646064121
31649927830
31651584673
31651614838
31651978265
31652166515
31652313523
31652386809
31653162306
31681911638
31683555205
32473743917
32475614000
32475803556
32477999729
32478487801
32478874800
32485145064
32486421262
32486909257
32491728303
32491969278
32495834300
32498585453
32498585851
32499486698
33603245756
33603687226
33603883565
33607551410
33607824407
33608676438
33610157883
33610663762
33612226867
33612269412
33612956672
33614653870
33615164111
33617380786
33618347147
33618531681
33620933879
33621491838
33621906143
33622598175
33622727278
33622788086
33623251111
33624124143
33626892543
33627177319
33627782839
33629550959
33630397564
33631427965
33631707128
33633087065
33633165106
33633576913
33634263872
33634287835
33634507610
33635392975
33637125253
33637971267
33643190666
33649328484
33649645919
33650406200
33651043486
33651545353
33658929159
33659052258
33659114318
33660393826
33664165884
33666352466
33667104102
33670179569
33670617670
33671891183
33672014320
33673473912
33673756980
33676064367
33676094295
33681844014
33682738578
33683452991
33683842805
33685918677
33687039754
33687242311
33688879944
33688888888
33688948716
33689253995
33751077492
33751569711
33778207553
33785010554
33785068346
33786103967
34607811052
34609413664
34610543228
34615480563
34620854974
34629021477
34633429614
34644353234
34644463094
34644556353
34654599358
34666669535
34667399411
34670293012
34670800784
34684221483
34692503282
351912129690
351914726446
351916044492
351916681868
351917001613
351917102453
351919669843
351936654071
351937123996
351939995999
351967978307
353831777736
353833343401
353857263766
353860211995
353862393003
353862470080
353863720102
353863856782
353864094784
353868543846
353872425329
353872464196
353872774369
353874184340
353876099266
353876183295
353876288011
353876561862
353876846019
353879580942
35699426106
35799551016
358400616499
36203955575
36205223922
36303130369
36303386626
36303887440
36304584025
36306641150
36309111847
36706236556
36707043142
37063010385
37063916152
3725212477
37253887114
37256872210
37258257494
37259169165
375291808824
375296147916
375297586383
375297683682
375447683682
38630324155
38640756473
38641229054
38651336595
38651371137
393275348192
393284271819
393341346049
393341595233
393351218917
393351400545
39335293932
393357025311
393357504576
393384673186
393385717778
393385864223
393392873017
393397970456
393409789819
393421894669
393428086466
393454329690
393455390592
393464244153
393464244158
393465180776
393471154981
393483318290
393489808730
393490613095
393493699242
40721498905
40722380488
40722942719
40724553345
40727888607
40734117515
40737693434
40740115928
40741100000
40742480449
40743105289
40744424549
40745175802
40745253588
40745611031
40745838818
40752038964
40754696597
40755573179
40757429635
40761058789
40761330207
40765154420
40769517480
40771392083
41761553561
41762009332
41762025263
41762086452
41762123322
41762170909
41762202288
41762234070
41762366906
41762497748
41762500829
41762617738
41762769794
41762801033
41762963801
41763047800
41763060739
41763070213
41763074009
41763093389
41763102916
41763104849
41763162718
41763178506
41763179054
41763197008
41763198530
41763208003
41763211917
41763216654
41763217547
41763231715
41763235499
41763236852
41763238293
41763241849
41763260519
41763268373
41763270037
41763275595
41763276760
41763277271
41763292509
41763293861
41763301796
41763319154
41763321427
41763321644
41763322255
41763326900
41763343311
41763343808
41763343837
41763352364
41763353311
41763368009
41763370056
41763379513
41763381709
41763389475
41763394476
41763404425
41763408719
41763412099
41763414072
41763423533
41763427481
41763434646
41763435306
41763435954
41763436769
41763438442
41763440327
41763445441
41763448040
41763457862
41763458721
41763460374
41763460520
41763463030
41763464504
41763471817
41763478492
41763480116
41763488385
41763489918
41763496971
41763497447
41763587730
41763605839
41763608799
41763623826
41763628060
41763645904
41763653344
41763662222
41763662233
41763663884
41763670026
41763687924
41763691025
41763692691
41763694699
41763696606
41763702254
41763702583
41763706424
41763710060
41763720520
41763730787
41763742609
41763743426
41763746319
41763748998
41763754442
41763756780
41763760444
41763763071
41763765084
41763767601
41763770286
41763770901
41763773033
41763777273
41763777474
41763793774
41763796115
41763812175
41763817760
41763819345
41763821202
41763824537
41763830346
41763836025
41763840616
41763844415
41763848492
41763851275
41763861386
41763863820
41763863899
41763864466
41763873157
41763878183
41763878588
41763885195
41763889631
41763891466
41763895830
41763904908
41763915477
41763918032
41763923292
41763929928
41763932466
41763934177
41763934323
41763937680
41763938001
41763939206
41763946087
41763948457
41763949795
41763955306
41763955712
41763964563
41763973818
41763990508
41763991146
41763993377
41763993882
41763994440
41764007273
41764027056
41764050567
41764057116
41764063164
41764067782
41764074238
41764074533
41764077393
41764082403
41764085858
41764104817
41764111140
41764123789
41764128180
41764150369
41764186572
41764196622
41764198655
41764200391
41764203300
41764209519
41764221856
41764223045
41764226072
41764230003
41764231107
41764245859
41764246124
41764260387
41764263326
41764289523
41764295772
41764312415
41764313166
41764320444
41764327898
41764333978
41764337152
41764341284
41764343442
41764349805
41764350974
41764355867
41764399323
41764401829
41764407544
41764416650
41764428422
41764430263
41764473007
41764487858
41764490150
41764503124
41764516607
41764525532
41764563676
41764579020
41764588443
41764604383
41764640149
41764644321
41764652323
41764656728
41764699715
41764720050
41764722950
41764723995
41764732879
41764736558
41764742992
41764791096
41764873586
41764876019
41764879534
41764887678
41764889305
41764898989
41764899222
41764905075
41764913808
41764914694
41764937098
41764937549
41764967527
41764978007
41764985141
41764988877
41764990661
41765007474
41765011515
41765012470
41765022102
41765032231
41765037798
41765040666
41765067231
41765085946
41765087745
41765097266
41765100626
41765108110
41765113320
41765127398
41765133824
41765140965
41765158877
41765166751
41765171719
41765174250
41765181869
41765207192
41765229507
41765231469
41765244483
41765247341
41765259991
41765283025
41765286055
41765323084
41765330338
41765331257
41765356166
41765357980
41765372273
41765397701
41765405288
41765411845
41765428361
41765434580
41765435588
41765444873
41765449104
41765451100
41765462347
41765472922
41765542201
41765582712
41765588882
41765589684
41765596533
41765600242
41765610209
41765612900
41765615094
41765617207
41765618860
41765628784
41765635761
41765636988
41765640404
41765646543
41765653431
41765656060
41765661817
41765665164
41765665858
41765670246
41765671152
41765674917
41765677161
41765700221
41765708034
41765742450
41765755356
41765762864
41765763092
41765763751
41765764223
41765765044
41765766055
41765775441
41765793399
41765816721
41765830521
41765832162
41765841847
41765849496
41765857444
41765857539
41765860572
41765878020
41765882650
41765884640
41765885861
41765887312
41765926369
41765938040
41765939473
41765947246
41765950515
41766044633
41766134755
41766155471
41766167642
41766169129
41766190702
41766436187
41766671480
41766681754
41766755155
41766801710
41766808048
41766934387
41766939426
41767019598
41767075586
41767114878
41767178286
41767191858
41767196616
41767207980
41767208027
41767298693
41767350100
41767388831
41767636868
41767754713
41767778938
41767879771
41767907090
41767978069
41767999009
41768220042
41768220378
41768223623
41768242012
41768248480
41772020989
41772049310
41772068911
41774047751
41774055168
41774082184
41774148403
41774154484
41774157102
41774169647
41774201620
41774202584
41774206369
41774250452
41774260787
41774291483
41774294734
41774299442
41774327654
41774330863
41774408625
41774425879
41774455553
41774519087
41774550620
41774574913
41774615088
41774661816
41774753344
41774975254
41779710541
41779710566
41783006511
41784002856
41786000204
41786006080
41786008882
41786012869
41786015606
41786015920
41786017662
41786020566
41786023295
41786028899
41786035250
41786035780
41786036673
41786042123
41786045246
41786050125
41786050451
41786061456
41786080827
41786083636
41786087224
41786088688
41786092716
41786093838
41786096693
41786102716
41786111730
41786115219
41786115929
41786122552
41786125612
41786127207
41786127401
41786129391
41786135605
41786142825
41786144220
41786144568
41786153044
41786154514
41786158788
41786170198
41786177630
41786177680
41786179266
41786179874
41786184675
41786185113
41786202454
41786203080
41786206363
41786208508
41786216136
41786219275
41786242244
41786243404
41786254474
41786254571
41786258182
41786260474
41786260617
41786264452
41786277850
41786286296
41786291803
41786292343
41786295772
41786297918
41786298289
41786301727
41786322404
41786327031
41786327074
41786330089
41786332853
41786334743
41786343556
41786345105
41786386143
41786387061
41786402135
41786404084
41786420140
41786443364
41786446929
41786453476
41786462954
41786474805
41786489368
41786492390
41786493320
41786495509
41786520604
41786547472
41786563214
41786563923
41786574505
41786576543
41786587890
41786589565
41786595635
41786598572
41786614600
41786615488
41786639883
41786654192
41786654955
41786660670
41786662411
41786664955
41786665875
41786677333
41786702543
41786709393
41786710605
41786711378
41786714343
41786717020
41786720084
41786734848
41786744784
41786746284
41786752252
41786766404
41786778373
41786780899
41786794004
41786851264
41786861330
41786863139
41786867155
41786867982
41786876422
41786878157
41786907269
41786907476
41786930675
41786936024
41786939999
41786941058
41786941589
41786942511
41786955666
41786961237
41786966480
41786972915
41786976914
41786977989
41786986662
41787038255
41787070779
41787074464
41787075334
41787084878
41787085505
41787091609
41787098148
41787107547
41787109551
41787113934
41787116996
41787125615
41787128218
41787141433
41787161926
41787167099
41787182232
41787194112
41787198582
41787200272
41787207769
41787217887
41787224357
41787227599
41787232663
41787241261
41787241632
41787243831
41787244550
41787245077
41787264408
41787274278
41787287049
41787300197
41787326224
41787357972
41787377850
41787382294
41787397237
41787397934
41787402960
41787405438
41787425070
41787447886
41787463216
41787468428
41787472999
41787482116
41787484811
41787486190
41787500077
41787511010
41787514099
41787515529
41787564299
41787571903
41787573527
41787582677
41787634495
41787637657
41787637658
41787640159
41787643215
41787646759
41787647671
41787651945
41787652646
41787660982
41787661549
41787662798
41787671507
41787673378
41787674108
41787676397
41787687752
41787706662
41787707628
41787709771
41787714148
41787724496
41787731011
41787741004
41787765657
41787772004
41787772077
41787787876
41787836786
41787837377
41787866641
41787866642
41787879807
41787887655
41787893022
41787896655
41787899659
41787915723
41787923775
41787939052
41787944462
41787945679
41787946057
41787946810
41787950605
41787961693
41787967103
41787969367
41787976871
41788001916
41788004719
41788005494
41788020102
41788026867
41788035546
41788043178
41788046694
41788049840
41788052588
41788056598
41788073405
41788084277
41788084344
41788093288
41788104656
41788106766
41788118487
41788131856
41788139580
41788143274
41788147132
41788176605
41788180296
41788201945
41788209016
41788210275
41788216030
41788220828
41788221293
41788226243
41788229647
41788234391
41788253920
41788266071
41788298936
41788300740
41788300878
41788305556
41788339980
41788343826
41788345714
41788365983
41788367906
41788369154
41788372063
41788416518
41788418061
41788420813
41788424186
41788427869
41788436212
41788446372
41788446397
41788459266
41788468253
41788470555
41788473613
41788486571
41788500744
41788501273
41788506165
41788506666
41788548182
41788554359
41788555407
41788577576
41788587796
41788641212
41788641572
41788658679
41788704432
41788707177
41788761799
41788782655
41788785375
41788792400
41788801834
41788803144
41788821688
41788823680
41788826214
41788840135
41788843505
41788843935
41788869660
41788881667
41788883350
41788885881
41788885888
41788888989
41788893600
41788900408
41788914660
41788921468
41788934544
41788958119
41788959478
41788960422
41788966180
41788970174
41788994469
41788994497
41788999604
41789001096
41789009146
41789014337
41789026522
41789043797
41789056811
41789062409
41789078075
41789082020
41789111246
41789112474
41789114545
41789119178
41789119457
41789124794
41789131228
41789151638
41789153050
41789154600
41789157080
41789202332
41789218083
41789219985
41789240605
41789247100
41789250895
41789297717
41789303088
41789346222
41789358272
41789361466
41789366634
41789369077
41789413067
41789450015
41789452878
41789484003
41789567751
41789717599
41789735443
41789746397
41791010647
41791026567
41791026944
41791030297
41791031938
41791035162
41791038781
41791095778
41791242958
41791245063
41791249798
41791250075
41791261888
41791262733
41791263178
41791264632
41791265552
41791268607
41791272253
41791272257
41791276195
41791293566
41791293726
41791361134
41791361281
41791364680
41791364917
41791367436
41791379843
41791380023
41791386283
41791386333
41791501432
41791508278
41791581594
41791599436
41791716484
41791719728
41791736538
41791750952
41791751862
41791756790
41791757789
41791766802
41791768191
41791796805
41791920351
41791922199
41791932716
41791986264
41792002016
41792007760
41792008569
41792009244
41792009376
41792009600
41792009811
41792010893
41792011156
41792011540
41792018220
41792020070
41792021575
41792022200
41792026382
41792031243
41792031643
41792035655
41792036390
41792041092
41792044614
41792050076
41792056804
41792061616
41792062067
41792063090
41792063928
41792067423
41792070352
41792075398
41792076462
41792079648
41792082182
41792083146
41792088818
41792092729
41792102330
41792107732
41792110217
41792113331
41792114569
41792115673
41792119315
41792119787
41792121074
41792127049
41792128294
41792129357
41792129641
41792139420
41792140960
41792142804
41792150202
41792154187
41792155202
41792160993
41792161579
41792164288
41792165951
41792171284
41792174274
41792178080
41792180158
41792180514
41792180606
41792180623
41792180918
41792184720
41792185881
41792186452
41792188926
41792194541
41792196674
41792198877
41792199340
41792199459
41792206637
41792206984
41792210660
41792211449
41792212035
41792214526
41792226565
41792227903
41792229854
41792234852
41792236781
41792237149
41792240851
41792245534
41792250174
41792252155
41792252476
41792255001
41792255870
41792257321
41792258232
41792259617
41792259637
41792260636
41792277998
41792286711
41792287240
41792287707
41792289112
41792304743
41792307045
41792309968
41792317900
41792323094
41792323155
41792324111
41792328535
41792329277
41792332636
41792333967
41792334312
41792339757
41792369339
41792370090
41792373214
41792373235
41792377643
41792379394
41792380048
41792387684
41792388848
41792389051
41792393273
41792395486
41792397977
41792400168
41792401878
41792407294
41792410041
41792413038
41792420718
41792422588
41792425451
41792431470
41792432896
41792434169
41792437307
41792442144
41792442985
41792445068
41792470282
41792471432
41792473973
41792475252
41792479916
41792481193
41792481635
41792487404
41792489745
41792492624
41792498131
41792498134
41792498214
41792498237
41792498854
41792500104
41792502867
41792504153
41792506177
41792507832
41792511156
41792511415
41792512253
41792513835
41792521000
41792523333
41792533038
41792536656
41792540833
41792540841
41792548871
41792551884
41792552337
41792552709
41792552745
41792557655
41792558462
41792561031
41792565346
41792569066
41792574479
41792576094
41792577349
41792579030
41792586364
41792586890
41792588772
41792592732
41792594152
41792595194
41792605045
41792605077
41792614700
41792617984
41792624027
41792631774
41792633261
41792636468
41792648189
41792648264
41792657174
41792660783
41792666681
41792679744
41792680228
41792686994
41792719860
41792729253
41792732017
41792742179
41792743742
41792748387
41792750879
41792757060
41792771576
41792772667
41792776959
41792779066
41792779935
41792783390
41792803476
41792816825
41792821158
41792831036
41792831283
41792845494
41792853177
41792855907
41792859824
41792860888
41792869335
41792873965
41792886953
41792888145
41792900355
41792909379
41792910319
41792924215
41792925447
41792929663
41792929993
41792933567
41792936521
41792947895
41792950305
41792959450
41792960167
41792960880
41792962011
41792962020
41792971433
41792975488
41792979715
41792989028
41792989337
41793001272
41793001313
41793002007
41793002838
41793002939
41793003976
41793005364
41793012777
41793013034
41793015096
41793015527
41793016800
41793018531
41793019209
41793020692
41793024719
41793027128
41793031921
41793038448
41793040394
41793049840
41793056265
41793058625
41793058755
41793068913
41793070175
41793085695
41793096720
41793096721
41793105572
41793116075
41793125993
41793133060
41793138213
41793139917
41793142979
41793143430
41793154093
41793168861
41793174487
41793176062
41793182732
41793183468
41793186626
41793190162
41793191091
41793202520
41793203430
41793203691
41793207936
41793211005
41793212306
41793214176
41793218455
41793221188
41793224475
41793225136
41793225245
41793227438
41793229739
41793229744
41793229772
41793229828
41793232828
41793239101
41793239469
41793241250
41793241943
41793245766
41793246606
41793255150
41793258476
41793265565
41793267700
41793269947
41793271146
41793277907
41793280220
41793292346
41793301994
41793304313
41793307988
41793311018
41793327834
41793329830
41793329959
41793331252
41793331980
41793336213
41793343324
41793344338
41793347355
41793347809
41793352117
41793353194
41793357327
41793359826
41793361351
41793363483
41793363788
41793364708
41793366341
41793370945
41793372547
41793373888
41793376105
41793377771
41793378515
41793392303
41793394534
41793400867
41793405216
41793407083
41793411652
41793415535
41793419950
41793425777
41793426723
41793427816
41793432945
41793438155
41793443823
41793445334
41793447185
41793449555
41793451052
41793453079
41793454461
41793456029
41793457872
41793458687
41793462278
41793468512
41793472761
41793480027
41793487752
41793490846
41793509112
41793509986
41793517284
41793517611
41793520507
41793522560
41793523617
41793526749
41793535565
41793537214
41793538165
41793540473
41793542420
41793542558
41793544834
41793549375
41793551293
41793551542
41793553355
41793553661
41793556794
41793564067
41793564767
41793567172
41793573025
41793573048
41793573651
41793574475
41793582914
41793583939
41793585470
41793589024
41793591881
41793601771
41793611212
41793611811
41793623663
41793631462
41793639652
41793640570
41793663705
41793667200
41793668992
41793674050
41793699396
41793700929
41793708096
41793708177
41793708930
41793710393
41793715937
41793716618
41793722521
41793729102
41793739509
41793746637
41793748343
41793764136
41793766302
41793767036
41793771591
41793774396
41793777031
41793781393
41793783854
41793785246
41793787490
41793797373
41793810946
41793812298
41793814607
41793823525
41793825120
41793826861
41793833321
41793842201
41793860984
41793861179
41793862201
41793877605
41793888958
41793897439
41793903445
41793933222
41793954974
41793956851
41793963621
41793966146
41793971310
41793971832
41793977735
41793978368
41793980538
41793982776
41793986981
41793987889
41793996414
41794001344
41794004773
41794005776
41794005901
41794006534
41794006650
41794008151
41794009480
41794010839
41794013087
41794013926
41794014171
41794015690
41794017039
41794020059
41794021685
41794026338
41794028010
41794028450
41794034109
41794039083
41794040269
41794041001
41794041068
41794042568
41794043558
41794045251
41794047210
41794049027
41794052326
41794052554
41794054054
41794054458
41794055135
41794055723
41794056201
41794057676
41794061390
41794063435
41794066950
41794067175
41794069491
41794069788
41794070817
41794071253
41794074442
41794078037
41794079218
41794079330
41794082083
41794087717
41794088282
41794088739
41794093124
41794096052
41794103010
41794110118
41794115889
41794121436
41794125015
41794134343
41794140114
41794140181
41794143186
41794145600
41794145708
41794156116
41794166249
41794167946
41794168422
41794171400
41794172078
41794173616
41794174429
41794176129
41794176713
41794178339
41794179197
41794180485
41794185017
41794188480
41794191190
41794193410
41794194100
41794194637
41794196229
41794199411
41794204722
41794204923
41794205269
41794207556
41794208754
41794209680
41794212538
41794214193
41794226059
41794228677
41794236347
41794241288
41794241289
41794248588
41794253890
41794259582
41794265585
41794267828
41794271134
41794273491
41794274525
41794275909
41794277504
41794301987
41794302600
41794303106
41794304351
41794304453
41794313976
41794314182
41794317914
41794319575
41794320348
41794320555
41794328173
41794335343
41794337425
41794338053
41794342757
41794345516
41794347037
41794349493
41794349538
41794350377
41794353175
41794355964
41794364453
41794366861
41794370835
41794371777
41794373535
41794373751
41794374207
41794374934
41794375887
41794377373
41794380341
41794382924
41794382969
41794402660
41794403287
41794407515
41794410420
41794411183
41794411752
41794413842
41794415136
41794418671
41794418763
41794418881
41794420075
41794420850
41794427552
41794427964
41794429130
41794430346
41794431914
41794433264
41794434122
41794434848
41794438834
41794439335
41794440500
41794440979
41794448501
41794449500
41794449785
41794452488
41794453035
41794454232
41794454684
41794454708
41794456849
41794459314
41794463502
41794463850
41794463941
41794465666
41794466474
41794468070
41794470750
41794472568
41794474558
41794475720
41794475962
41794478038
41794478943
41794481064
41794484324
41794487561
41794489434
41794501689
41794508429
41794512662
41794518686
41794520095
41794530973
41794541725
41794543318
41794545425
41794552032
41794552073
41794555001
41794556173
41794557780
41794565098
41794571266
41794572834
41794573761
41794574372
41794575407
41794579973
41794592161
41794605732
41794605850
41794607777
41794610086
41794610184
41794619936
41794622218
41794625564
41794637684
41794643680
41794663488
41794664468
41794672198
41794676585
41794677636
41794678862
41794679032
41794682268
41794686899
41794691329
41794700197
41794702220
41794717357
41794717866
41794726723
41794736856
41794737667
41794737706
41794744394
41794750034
41794750235
41794753877
41794757106
41794764637
41794773599
41794775023
41794776278
41794784048
41794787523
41794787653
41794797375
41794799307
41794813906
41794815292
41794818030
41794830401
41794836899
41794841048
41794851806
41794852064
41794863414
41794874191
41794877053
41794880549
41794884144
41794889120
41795000689
41795004556
41795006187
41795006665
41795009169
41795009901
41795018189
41795021391
41795027257
41795028519
41795031000
41795038928
41795039392
41795040860
41795053421
41795054633
41795065173
41795072855
41795073302
41795074709
41795083674
41795086048
41795086079
41795087468
41795087688
41795090587
41795096893
41795098093
41795098450
41795102239
41795104096
41795112650
41795131088
41795131738
41795132146
41795144764
41795147003
41795147069
41795153876
41795159559
41795171412
41795180213
41795180236
41795182722
41795186035
41795192299
41795206012
41795222846
41795222848
41795249013
41795281905
41795306779
41795327803
41795336235
41795351461
41795357408
41795359897
41795366623
41795371448
41795372293
41795373519
41795383109
41795403854
41795404122
41795405618
41795405828
41795411383
41795412713
41795413125
41795415423
41795420169
41795420223
41795427178
41795431866
41795439059
41795447672
41795451513
41795453115
41795454565
41795469242
41795477808
41795487308
41795494260
41795495840
41795497807
41795498219
41795499138
41795499178
41795501838
41795506400
41795512607
41795514404
41795517919
41795525495
41795551177
41795551188
41795572499
41795572798
41795576304
41795593136
41795593138
41795600007
41795602043
41795606181
41795611054
41795617530
41795620225
41795628502
41795641621
41795646598
41795647346
41795648454
41795660608
41795669404
41795669705
41795672423
41795675607
41795684247
41795690882
41795693215
41795701476
41795703452
41795705316
41795732052
41795761767
41795766725
41795768170
41795768194
41795773633
41795774290
41795776839
41795781495
41795786796
41795791926
41795854478
41795893604
41795903561
41795905749
41795910980
41795922221
41795922284
41795923740
41795926087
41795928777
41795933867
41795934323
41795935646
41795949895
41795954195
41795959597
41795961929
41795966259
41795969080
41795979198
41795982498
41795991314
41795992134
41795999600
41796002134
41796005421
41796008446
41796014102
41796032061
41796035111
41796035797
41796042557
41796045541
41796047346
41796056394
41796058448
41796062036
41796065070
41796069637
41796069745
41796072463
41796072473
41796081337
41796085540
41796092300
41796093892
41796098906
41796106600
41796116503
41796119894
41796123141
41796130304
41796133380
41796138293
41796139482
41796143360
41796146232
41796147955
41796155894
41796162288
41796169652
41796173804
41796179125
41796183972
41796185954
41796187337
41796202968
41796206331
41796208172
41796211459
41796220618
41796225456
41796227391
41796231031
41796231354
41796233486
41796234140
41796242743
41796243477
41796252227
41796252746
41796273590
41796274496
41796288290
41796294179
41796297602
41796303766
41796313780
41796313982
41796319190
41796321151
41796330799
41796333322
41796337020
41796340003
41796343517
41796349001
41796349198
41796349912
41796351235
41796354240
41796362035
41796363980
41796368298
41796372345
41796373278
41796381685
41796383411
41796383592
41796384348
41796389459
41796389934
41796392368
41796397053
41796403186
41796406155
41796409772
41796409818
41796410496
41796410949
41796413950
41796421415
41796426717
41796433906
41796439504
41796445688
41796446245
41796457446
41796462201
41796462500
41796465133
41796472080
41796476540
41796502553
41796504285
41796506846
41796518648
41796522813
41796523762
41796525129
41796526971
41796532744
41796548556
41796566428
41796584404
41796585050
41796589554
41796596024
41796596317
41796598704
41796599688
41796599888
41796600636
41796612986
41796617862
41796622323
41796626818
41796629282
41796635587
41796636545
41796639998
41796644488
41796651286
41796673322
41796676129
41796677486
41796677586
41796679597
41796680260
41796683708
41796690619
41796691778
41796692914
41796695656
41796707088
41796711174
41796717869
41796725702
41796744436
41796755029
41796762776
41796764772
41796766002
41796772900
41796780015
41796781667
41796782989
41796788664
41796790755
41796792180
41796803113
41796806982
41796816730
41796832941
41796839130
41796840475
41796841773
41796845031
41796845526
41796855359
41796867803
41796869682
41796869941
41796870297
41796875078
41796875912
41796883621
41796887740
41796887915
41796893239
41796894874
41796896462
41796898842
41796910146
41796910548
41796930275
41796936437
41796940511
41796940669
41796950328
41796965998
41796977776
41796980417
41796981595
41796983223
41796985163
41796986863
41796986867
41796989825
41796992691
41796997788
41797000674
41797010029
41797019072
41797022011
41797024444
41797025072
41797035082
41797037715
41797042677
41797048201
41797052592
41797053736
41797064660
41797067381
41797067565
41797067874
41797071806
41797086388
41797087125
41797090706
41797096114
41797105555
41797128478
41797132603
41797135727
41797140965
41797151555
41797151677
41797161111
41797174628
41797181430
41797191304
41797204051
41797238266
41797240956
41797241617
41797275475
41797293000
41797297777
41797337773
41797345562
41797345590
41797347565
41797348437
41797351999
41797354093
41797357387
41797369909
41797377217
41797395569
41797402121
41797403000
41797404871
41797434643
41797436309
41797439950
41797443737
41797450580
41797453074
41797454133
41797454819
41797457871
41797463277
41797467980
41797468660
41797472521
41797478696
41797493073
41797500827
41797502282
41797502601
41797503600
41797510544
41797515553
41797516024
41797516649
41797523233
41797525222
41797527645
41797529793
41797533585
41797542271
41797551286
41797554006
41797556867
41797557389
41797559686
41797562031
41797562232
41797570091
41797573321
41797574466
41797584468
41797595894
41797597820
41797601179
41797611901
41797613092
41797613558
41797618362
41797628559
41797634540
41797662911
41797663952
41797681105
41797686275
41797703487
41797704267
41797705493
41797706030
41797709982
41797716486
41797717753
41797720494
41797731378
41797733867
41797735001
41797735856
41797740125
41797740713
41797746907
41797748184
41797767010
41797775378
41797776499
41797776971
41797777328
41797778898
41797779986
41797783337
41797784507
41797795166
41797798706
41797801000
41797803833
41797804245
41797806456
41797820792
41797836785
41797838205
41797840482
41797845237
41797848888
41797853664
41797859793
41797867986
41797880274
41797880679
41797883203
41797885511
41797892086
41797893802
41797894429
41797895292
41797898609
41797905071
41797910034
41797915511
41797917111
41797922438
41797929176
41797933717
41797936438
41797936658
41797936818
41797939756
41797955387
41797978456
41797999544
41798001548
41798001932
41798003626
41798118740
41798122022
41798156355
41798156890
41798158979
41798162036
41798163904
41798177228
41798177528
41798192314
41798198156
41798206633
41798229249
41798229581
41798239314
41798243691
41798261148
41798270036
41798270944
41798275140
41798277932
41798278075
41798280325
41798280452
41798283389
41798295464
41798301597
41798318089
41798320632
41798327166
41798328826
41798335588
41798341128
41798348543
41798381330
41798415011
41798457454
41798468045
41798484085
41798499763
41798577706
41798586028
41798607500
41798630170
41798667465
41798695076
41798716116
41798735614
41798738862
41798739466
41798740093
41798745224
41798761568
41798773335
41798773810
41798776410
41798777288
41798778821
41798781001
41798816192
41798837136
41798883001
41798911370
41798937377
41798981239
41799048332
41799062451
41799072537
41799093013
41799099803
41799100158
41799149183
41799166031
41799244436
41799272707
41799330395
41799333876
41799339115
41799344105
41799353180
41799357091
41799360270
41799360753
41799377008
41799428339
41799456234
41799457092
41799458533
41799468153
41799473449
41799478527
41799478622
41799481689
41799486580
41799489430
41799497550
41799508243
41799521699
41799530538
41799534416
41799545347
41799551457
41799578783
41799579709
41799586886
41799598457
41799602265
41799604709
41799605860
41799605932
41799609987
41799618626
41799630638
41799637907
41799639152
41799646556
420607807013
420608104666
420608406282
420608737942
420608770096
420721173540
420727860669
420732416642
420774106934
420777233732
421903170300
436504416890
436603602256
436604231390
436605500550
436641121100
436643412323
436645151828
436645839301
436646084441041
436648386659
436763098225
436764715350
43676842301301
436769061978
436801412622
436802031402
4368110912384
4368184507165
4369915318304
4369919040927
4369919426504
447407681186
447447934410
447453333993
447466421331
447500876330
447506829779
447515851446
447525786492
447531656457
447535090427
447590098254
447597655879
447702642151
447702647466
447708246800
447711108710
447712765578
447713400545
447717752824
447719972951
447721059284
447722351509
447725050190
447731424101
447743147782
447747101768
447760996417
447761067203
447766677791
447774004004
447774462701
447775781293
447775848138
447775882840
447778880787
447787433710
447796441437
447799068552
447799774499
447799877408
447801369986
447802514502
447808101911
447810220073
447814592738
447816509495
447825953345
447833453341
447841669817
447843687611
447845829428
447849714661
447852186362
447852747642
447856479616
447860811825
447873515770
447879494755
447883541500
447885647217
447887851524
447894813980
447903704343
447905862270
447907494800
447917686813
447920886365
447921371872
447921583542
447923236808
447925248338
447929392917
447931826046
447931856776
447942202369
447942241439
447944137019
447946122400
447949196615
447954381544
447954435484
447967440797
447967530692
447973138207
447973177873
447984228529
447984693131
447986823361
447989413005
447990522761
447990900055
4520818270
4521607170
4522129267
4522208835
4525425291
4530563412
4540455522
4540954022
4541939958
4542264404
4542422802
4551700318
4553391190
4560274902
4560608680
46700500707
46700706161
46704499464
46707196325
46707765380
46722539453
46723243773
46729443239
46739485958
46739577752
46739897421
46762955195
46765826623
4745286128
4790587640
4790635102
4792088700
4795978765
48604472154
48604475858
48693427795
48693564375
48794415707
4915111696264
4915112260797
4915112763199
4915117235404
4915122245956
4915122273058
4915122652290
4915123338583
4915125202099
4915129194265
4915140114586
4915140338040
4915140765716
4915142629571
4915144007722
4915144235173
4915146400917
4915157127461
4915157973214
4915158768640
4915161227422
4915164501293
4915164949263
4915164957297
4915164959379
4915206655557
4915208680376
4915221438919
4915221757500
4915221757600
4915222149481
4915223583302
4915229547684
4915233727955
4915233757554
4915234096972
4915234212112
4915234239144
4915238304416
4915238503283
4915253617197
4915256192929
4915256399299
4915702652652
4915730285874
4915730456515
4915731810996
4915735212937
4915735614548
4915735801011
4915735807818
4915736937099
4915738774723
4915739625098
4915751288018
4915754109993
4915754468809
4915756287308
4915771599819
4915773332313
4915774135887
4915775195245
4915777719000
4915777879371
4915778771362
4915780457630
4915783863577
4915784278087
4915784922886
4915785617401
4915786264144
4915786278707
4915787617735
4915787638033
4915792309907
4915792309927
491604450665
4916094477555
4916096683680
4916096828986
4916097009707
4916097501221
4916097794312
4916097856224
4916098947179
491623015340
491631680633
491632046099
491632554633
491632645555
491633920982
491634346535
491634395382
491634445158
491635346378
491636382992
491636743356
491638177781
491701891142
491702485211
491704141897
491704150230
491704603311
491704770923
491705739400
491706018047
491707935295
491709938982
491712755149
491713055819
491713104516
491713136626
491713403410
491713404259
491714377342
491714715155
491714802019
491714982479
491715103800
491717440740
491717731904
491719311144
491719508073
491721448815
491721465444
491721701982
491722424287
491722629981
491722669856
491722843065
491723943318
491723947200
491724139521
491724574783
491724734261
491726361687
491726633714
491726769032
491727022006
491727256394
491727925275
491728870078
491729124473
491731411999
491733770261
491734267415
491735425588
491736130496
491736140361
491737194452
491737345067
491743270496
491749139505
491752935345
491753485552
491755757043
491755948163
4917610023276
4917610369144
4917611220966
4917620286051
4917621139964
4917621500625
4917621736158
4917622715364
4917622747893
4917623195051
4917623605483
4917627723662
4917631376678
4917636231711
4917636728245
4917638085520
4917638569138
4917642515261
4917647952022
4917648364331
4917650535829
4917651325365
4917655137402
4917655327093
4917655503186
4917656853117
4917660990009
4917661095331
4917662102222
4917663237297
4917663606209
4917663742111
4917670249381
4917670645387
4917672467004
4917684370662
4917684547844
4917685675731
4917698617805
4917699242350
491772578786
491772600490
491773233433
491773473390
491773531078
491773699219
491774512903
491774720355
491774886984
491775967567
491776121890
491777438905
491778381664
491778793342
491781334278
491781335585
491781485367
491783390022
491783978700
491786826358
491787153908
491791038750
491791100151
491791353539
491791400820
491791404936
491792448341
491795199356
491795674070
491796560844
491797807622
491799261172
491799445392
491799598310
5215531048709
5215539413866
5218180199315
60105020890
60105383558
60107833890
60107999278
601118548427
601118548434
601121002942
601128005766
601128374501
60122290062
60123881568
60136453346
60147158548
60164284373
60169260786
60169926111
60182029410
60183141454
60189281668
60193338533
60193650852
60193699690
61402232373
61403055714
61403080436
61403959748
61405171825
61406315111
61406761323
61409789729
61411296225
61413726186
61414233711
61414408555
61414597144
61419861399
61421498731
61422903022
61425735323
61429335005
61429661814
61430395895
61431420599
61437983328
61448356798
61459975904
61466300670
61477450268
61481294002
6581630892
6581863256
6582049713
6582376296
6582679641
6583548964
6586221994
6590257561
6591182553
6591307542
6591779863
6592392100
6593548490
6593867782
6593867895
6594517178
6596210006
6596416005
6596947103
6597336176
6598009001
6598168623
6598226894
6598250166
85256922234
85263933581
85268060986
85298259411
905056448556
905302307879
905308279580
905324125889
905338867496
905339257554
905425611018
905445970512
905447943374
905453356188
919161433217
919169884353
919176623085
919334081457
919422846479
919441413862
919442824614
919443224614
919464485264
919478715190
919740108842
919744631511
919746673111
919760039600
919773810415
919787771809
919796567555
919797696415
919811265783
919827437575
919829924064
919838133228
919843257545
919873758814
919886694497
919895111632
919897673169
919915125611
919915414306
919918259216
919919824949
919934092023
919950049338
919956382499
919959125546
919961034510
919961658624
919965395136
919969183178
919971009656
919972990696
919982727278
919986800260
919995382505
919995891083
919995955555
94714111181
94750755546
94758079877
94770744422
94776474469
96170481742
9647500423690
9647500483504
9647500592261
9647501117777
9647501119604
9647501437324
9647501570417
9647501609001
9647501671149
9647501755956
9647502382036
9647502946915
9647503151222
9647503275966
9647503424952
9647503997766
9647504143388
9647504170064
9647504213110
9647504246441
9647504397655
9647504456359
9647504463103
9647504471393
9647504474826
9647504826714
9647504848040
9647504863406
9647504960056
9647505034662
9647505250665
9647505594015
9647505766485
9647506012654
9647506020805
9647506127856
9647506153657
9647506388664
9647506440000
9647506500960
9647506584589
9647506592315
9647506629550
9647506727147
9647506903755
9647507347203
9647507405201
9647507423904
9647507428418
9647507430112
9647507642168
9647507700946
9647507823394
9647507842488
9647507964672
9647508556405
9647508626242
9647509391120
9647509980499
9647510341978
9647700008077
9647700022377
9647700024400
9647700031959
9647700039900
9647700085440
9647700159059
9647700447666
9647700477257
9647700529954
9647700600385
9647700609598
9647700611027
9647700641917
9647700673580
9647700683564
9647700766710
9647700848940
9647700936509
9647701019655
9647701051202
9647701101490
9647701216666
9647701224386
9647701280157
9647701302573
9647701323531
9647701359990
9647701386579
9647701498591
9647701521051
9647701525954
9647701570417
9647701585392
9647701634378
9647701639698
9647701670558
9647701696326
9647701708008
9647701708846
9647701846366
9647701899247
9647701943661
9647701944890
9647701982707
9647702019018
9647702298414
9647702343250
9647702512625
9647702526838
9647702559163
9647702563196
9647702564981
9647702568252
9647702576138
9647702600083
9647702601311
9647702606102
9647702619111
9647702620326
9647702632542
9647702679566
9647702682705
9647702734754
9647702735909
9647702741481
9647702747599
9647702805322
9647702842777
9647702886769
9647702902525
9647702944433
9647702967677
9647703052341
9647703182863
9647703267655
9647703289106
9647703449989
9647703572924
9647703909546
9647703910558
9647703933188
9647703942371
9647703979630
9647703981602
9647704111000
9647704208508
9647704427771
9647704445536
9647704502469
9647704537015
9647704755090
9647704830486
9647704895568
9647704955552
9647705030971
9647705122220
9647705197754
9647705287666
9647705291389
9647705306707
9647705323033
9647705347493
9647705353932
9647705378989
9647705540772
9647705556302
9647705622077
9647705684029
9647705737366
9647705799344
9647705807008
9647705807780
9647705850090
9647705952900
9647706006260
9647706006686
9647706028533
9647706036376
9647706041233
9647706200177
9647706308966
9647706310010
9647706331313
9647706399039
9647706537891
9647706545580
9647706604787
9647706700833
9647706715548
9647706731224
9647706740444
9647706860586
9647706898982
9647706946900
9647706954585
9647706993967
9647707003008
9647707010246
9647707054510
9647707066655
9647707185184
9647707199959
9647707212690
9647707244788
9647707269822
9647707285537
9647707321490
9647707466627
9647707580514
9647707630335
9647707756414
9647707899669
9647707935861
9647707971284
9647707995350
9647708041717
9647708069369
9647708105105
9647708211919
9647708339920
9647708417037
9647708469571
9647708530203
9647708568264
9647708629838
9647708662612
9647708703008
9647708752278
9647708818498
9647708839283
9647708872275
9647708965408
9647709065258
9647709117733
9647709223580
9647709230746
9647709253063
9647709292672
9647709341147
9647709401940
9647709517175
9647709555456
9647709644459
9647709752057
9647709754682
9647709769087
9647709773688
9647709872309
9647709949345
9647710000520
9647710025098
9647710339105
9647710553444
9647710554290
9647710709262
9647711100011
9647711120462
9647711124411
9647711173244
9647711229777
9647711331123
9647711373289
9647711427056
9647711440700
9647711452124
9647711476601
9647711493055
9647711708932
9647711980007
9647712080303
9647712194496
9647712291439
9647712390092
9647712400288
9647712553246
9647712615680
9647712706020
9647713053900
9647713131452
9647713151986
9647713229965
9647713237036
9647713269657
9647713333613
9647713411633
9647713462078
9647713505558
9647713607025
9647713765529
9647713807993
9647713844439
9647713888748
9647713931186
9647714063322
9647714196284
9647714301262
9647714439703
9647714443444
9647714462598
9647714470170
9647714576712
9647714815489
9647714876688
9647715166623
9647715277091
9647715341077
9647715466146
9647715866937
9647716007420
9647716144223
9647716572109
9647716593828
9647716650427
9647716868068
9647716977491
9647717160093
9647717187586
9647717477150
9647717705586
9647717942462
9647718048286
9647718223674
9647718591489
9647718667500
9647719015887
9647719069123
9647719090519
9647719107470
9647719142923
9647719459712
9647719499844
9647721623706
9647722165388
9647722257983
9647722269959
9647722472534
9647800008689
9647800200081
9647800202021
9647800235980
9647800529595
9647800855673
9647800959530
9647800984447
9647801070250
9647801090300
9647801099042
9647801152428
9647801189286
9647801280585
9647801298850
9647801330068
9647801467756
9647801473005
9647801554859
9647801569924
9647801612709
9647801612716
9647801618425
9647801623840
9647801707709
9647801718481
9647801764171
9647801969184
9647801976412
9647802258829
9647802258830
9647802541752
9647802819937
9647802969854
9647803019424
9647803048257
9647803088077
9647803155657
9647803838434
9647803988696
9647804404344
9647804486372
9647804979781
9647805035054
9647805179006
9647805181263
9647805378862
9647805450742
9647805533330
9647805540832
9647805778892
9647805887360
9647806047054
9647806229826
9647806460114
9647806747380
9647806750052
9647806751026
9647807025760
9647807337373
9647807588716
9647807678456
9647807799346
9647807855618
9647807860997
9647808040155
9647808135018
9647808235117
9647808370421
9647808429220
9647808468429
9647808530066
9647808687819
9647808828974
9647809063560
9647809124330
9647809136141
9647809170609
9647809171513
9647809177137
9647809245335
9647809262827
9647809437611
9647809580658
9647809585758
9647809935564
9647810017900
9647810090761
9647810138481
9647810202600
9647810305299
9647810320962
9647810527829
9647810622238
9647810773380
9647810774744
9647811001010
9647811248790
9647811344166
9647812341943
9647812370932
9647813228114
9647813552509
9647813898486
9647813909018
9647813909019
9647814028846
9647814128050
9647814338684
9647814407633
9647814414422
9647814531210
9647814641183
9647815002000
9647815066656
9647815100809
9647815115099
9647815143202
9647815210270
9647815647074
9647815661671
9647815722792
9647815953307
9647816012045
9647816176228
9647816238433
9647816869962
9647817019832
9647817100083
9647817108019
9647817245097
9647817383033
9647817525643
9647818500353
9647818622711
9647818720283
9647818734463
9647818855122
9647818972836
9647819263361
9647821099125
9647821107123
9647821518161
9647821893528
9647822002203
9647822288371
9647822983366
9647823106270
9647823857160
9647823985845
9647825046441
9647825819115
9647825970513
9647827694948
9647901110011
9647901160546
9647901269804
9647901307415
9647901307676
9647901313863
9647901314529
9647901317245
9647901323624
9647901323815
9647901328525
9647901418372
9647901607360
9647901641864
9647901669131
9647901671178
9647901673886
9647901680381
9647901723908
9647901777017
9647901784498
9647901828224
9647901851343
9647901859559
9647901889053
9647901904625
9647901962823
9647902244525
9647902304378
9647902350515
9647902435122
9647902440033
9647902493716
9647902499671
9647902603479
9647902702960
9647902757891
9647902780787
9647902964723
9647903637075
9647904290238
9647904441177
9647905606065
9647905884260
9647905885324
9647905906783
9647905964286
9647906422164
9647906765272
972506782345
972524424219
972526705805
972545504114
989121884144
989125088016
989148592803
989337081112
989355394039
989356478275
989366753883
989371683072
989375329445
